Link, Anchor Text
"https://www.tbmm.gov.tr/develop/owa/tutanak_dergisi_pdfler.sorgu_ekrani", Sorgu Sayfasına Dön
"https://www.tbmm.gov.tr/tutanaklar/TUTANAK/TBMM/d22/c061/tbmm22061fih.pdf", 61. Cilt Fihristi
"https://www.tbmm.gov.tr/tutanaklar/TUTANAK/TBMM/d22/c061/tbmm22061001.pdf", 1. Birleşim
"https://www.tbmm.gov.tr/tutanaklar/TUTANAK/TBMM/d22/c061/tbmm22061001gnd.pdf", Gündem
"https://www.tbmm.gov.tr/tutanaklar/TUTANAK/TBMM/d22/c061/tbmm22061002.pdf", 2. Birleşim
"https://www.tbmm.gov.tr/tutanaklar/TUTANAK/TBMM/d22/c061/tbmm22061002gnd.pdf", Gündem
"https://www.tbmm.gov.tr/tutanaklar/TUTANAK/TBMM/d22/c061/tbmm22061003.pdf", 3. Birleşim
"https://www.tbmm.gov.tr/tutanaklar/TUTANAK/TBMM/d22/c061/tbmm22061003gnd.pdf", Gündem
"https://www.tbmm.gov.tr/tutanaklar/TUTANAK/TBMM/d22/c061/tbmm22061004.pdf", 4. Birleşim
"https://www.tbmm.gov.tr/tutanaklar/TUTANAK/TBMM/d22/c061/tbmm22061004gnd.pdf", Gündem
"https://www.tbmm.gov.tr/tutanaklar/TUTANAK/TBMM/d22/c061/tbmm22061005.pdf", 5. Birleşim
"https://www.tbmm.gov.tr/tutanaklar/TUTANAK/TBMM/d22/c061/tbmm22061005gnd.pdf", Gündem
"https://www.tbmm.gov.tr/tutanaklar/TUTANAK/TBMM/d22/c061/tbmm22061006.pdf", 6. Birleşim
"https://www.tbmm.gov.tr/tutanaklar/TUTANAK/TBMM/d22/c061/tbmm22061006gnd.pdf", Gündem
"https://www.tbmm.gov.tr/tutanaklar/TUTANAK/TBMM/d22/c061/tbmm22061007.pdf", 7. Birleşim
"https://www.tbmm.gov.tr/tutanaklar/TUTANAK/TBMM/d22/c061/tbmm22061007gnd.pdf", Gündem
"https://www.tbmm.gov.tr/tutanaklar/TUTANAK/TBMM/d22/c061/tbmm22061008.pdf", 8. Birleşim
"https://www.tbmm.gov.tr/tutanaklar/TUTANAK/TBMM/d22/c061/tbmm22061008gnd.pdf", Gündem
"https://www.tbmm.gov.tr/tutanaklar/TUTANAK/TBMM/d22/c062/tbmm22062fih.pdf", 62. Cilt Fihristi
"https://www.tbmm.gov.tr/tutanaklar/TUTANAK/TBMM/d22/c062/tbmm22062009.pdf", 9. Birleşim
"https://www.tbmm.gov.tr/tutanaklar/TUTANAK/TBMM/d22/c062/tbmm22062009gnd.pdf", Gündem
"https://www.tbmm.gov.tr/tutanaklar/TUTANAK/TBMM/d22/c062/tbmm22062010.pdf", 10. Birleşim
"https://www.tbmm.gov.tr/tutanaklar/TUTANAK/TBMM/d22/c062/tbmm22062010gnd.pdf", Gündem
"https://www.tbmm.gov.tr/tutanaklar/TUTANAK/TBMM/d22/c062/tbmm22062011.pdf", 11. Birleşim
"https://www.tbmm.gov.tr/tutanaklar/TUTANAK/TBMM/d22/c062/tbmm22062011gnd.pdf", Gündem
"https://www.tbmm.gov.tr/tutanaklar/TUTANAK/TBMM/d22/c062/tbmm22062012.pdf", 12. Birleşim
"https://www.tbmm.gov.tr/tutanaklar/TUTANAK/TBMM/d22/c062/tbmm22062012gnd.pdf", Gündem
"https://www.tbmm.gov.tr/tutanaklar/TUTANAK/TBMM/d22/c063/tbmm22063fih.pdf", 63. Cilt Fihristi
"https://www.tbmm.gov.tr/tutanaklar/TUTANAK/TBMM/d22/c063/tbmm22063013.pdf", 13. Birleşim
"https://www.tbmm.gov.tr/tutanaklar/TUTANAK/TBMM/d22/c063/tbmm22063013gnd.pdf", Gündem
"https://www.tbmm.gov.tr/tutanaklar/TUTANAK/TBMM/d22/c063/tbmm22063014.pdf", 14. Birleşim
"https://www.tbmm.gov.tr/tutanaklar/TUTANAK/TBMM/d22/c063/tbmm22063014gnd.pdf", Gündem
"https://www.tbmm.gov.tr/tutanaklar/TUTANAK/TBMM/d22/c063/tbmm22063015.pdf", 15. Birleşim
"https://www.tbmm.gov.tr/tutanaklar/TUTANAK/TBMM/d22/c063/tbmm22063015gnd.pdf", Gündem
"https://www.tbmm.gov.tr/tutanaklar/TUTANAK/TBMM/d22/c064/tbmm22064fih.pdf", 64. Cilt Fihristi
"https://www.tbmm.gov.tr/tutanaklar/TUTANAK/TBMM/d22/c064/tbmm22064016.pdf", 16. Birleşim
"https://www.tbmm.gov.tr/tutanaklar/TUTANAK/TBMM/d22/c064/tbmm22064016gnd.pdf", Gündem
"https://www.tbmm.gov.tr/tutanaklar/TUTANAK/TBMM/d22/c064/tbmm22064017.pdf", 17. Birleşim
"https://www.tbmm.gov.tr/tutanaklar/TUTANAK/TBMM/d22/c064/tbmm22064017gnd.pdf", Gündem
"https://www.tbmm.gov.tr/tutanaklar/TUTANAK/TBMM/d22/c064/tbmm22064018.pdf", 18. Birleşim
"https://www.tbmm.gov.tr/tutanaklar/TUTANAK/TBMM/d22/c064/tbmm22064018gnd.pdf", Gündem
"https://www.tbmm.gov.tr/tutanaklar/TUTANAK/TBMM/d22/c064/tbmm22064019.pdf", 19. Birleşim
"https://www.tbmm.gov.tr/tutanaklar/TUTANAK/TBMM/d22/c064/tbmm22064019gnd.pdf", Gündem
"https://www.tbmm.gov.tr/tutanaklar/TUTANAK/TBMM/d22/c064/tbmm22064020.pdf", 20. Birleşim
"https://www.tbmm.gov.tr/tutanaklar/TUTANAK/TBMM/d22/c064/tbmm22064020gnd.pdf", Gündem
"https://www.tbmm.gov.tr/tutanaklar/TUTANAK/TBMM/d22/c065/tbmm22065fih.pdf", 65. Cilt Fihristi
"https://www.tbmm.gov.tr/tutanaklar/TUTANAK/TBMM/d22/c065/tbmm22065021.pdf", 21. Birleşim
"https://www.tbmm.gov.tr/tutanaklar/TUTANAK/TBMM/d22/c065/tbmm22065021gnd.pdf", Gündem
"https://www.tbmm.gov.tr/tutanaklar/TUTANAK/TBMM/d22/c065/tbmm22065022.pdf", 22. Birleşim
"https://www.tbmm.gov.tr/tutanaklar/TUTANAK/TBMM/d22/c065/tbmm22065022gnd.pdf", Gündem
"https://www.tbmm.gov.tr/tutanaklar/TUTANAK/TBMM/d22/c065/tbmm22065023.pdf", 23. Birleşim
"https://www.tbmm.gov.tr/tutanaklar/TUTANAK/TBMM/d22/c065/tbmm22065023gnd.pdf", Gündem
"https://www.tbmm.gov.tr/tutanaklar/TUTANAK/TBMM/d22/c065/tbmm22065024.pdf", 24. Birleşim
"https://www.tbmm.gov.tr/tutanaklar/TUTANAK/TBMM/d22/c065/tbmm22065024gnd.pdf", Gündem
"https://www.tbmm.gov.tr/tutanaklar/TUTANAK/TBMM/d22/c066/tbmm22066fih.pdf", 66. Cilt Fihristi
"https://www.tbmm.gov.tr/tutanaklar/TUTANAK/TBMM/d22/c066/tbmm22066025.pdf", 25. Birleşim
"https://www.tbmm.gov.tr/tutanaklar/TUTANAK/TBMM/d22/c066/tbmm22066025gnd.pdf", Gündem
"https://www.tbmm.gov.tr/tutanaklar/TUTANAK/TBMM/d22/c066/tbmm22066026.pdf", 26. Birleşim
"https://www.tbmm.gov.tr/tutanaklar/TUTANAK/TBMM/d22/c066/tbmm22066026gnd.pdf", Gündem
"https://www.tbmm.gov.tr/tutanaklar/TUTANAK/TBMM/d22/c066/tbmm22066027.pdf", 27. Birleşim
"https://www.tbmm.gov.tr/tutanaklar/TUTANAK/TBMM/d22/c066/tbmm22066027gnd.pdf", Gündem
"https://www.tbmm.gov.tr/tutanaklar/TUTANAK/TBMM/d22/c067/tbmm22067fih.pdf", 67. Cilt Fihristi
"https://www.tbmm.gov.tr/tutanaklar/TUTANAK/TBMM/d22/c067/tbmm22067028.pdf", 28. Birleşim
"https://www.tbmm.gov.tr/tutanaklar/TUTANAK/TBMM/d22/c067/tbmm22067028gnd.pdf", Gündem
"https://www.tbmm.gov.tr/tutanaklar/TUTANAK/TBMM/d22/c067/tbmm22067029.pdf", 29. Birleşim
"https://www.tbmm.gov.tr/tutanaklar/TUTANAK/TBMM/d22/c067/tbmm22067029gnd.pdf", Gündem
"https://www.tbmm.gov.tr/tutanaklar/TUTANAK/TBMM/d22/c067/tbmm22067030.pdf", 30. Birleşim
"https://www.tbmm.gov.tr/tutanaklar/TUTANAK/TBMM/d22/c067/tbmm22067030gnd.pdf", Gündem
"https://www.tbmm.gov.tr/tutanaklar/TUTANAK/TBMM/d22/c068/tbmm22068fih.pdf", 68. Cilt Fihristi
"https://www.tbmm.gov.tr/tutanaklar/TUTANAK/TBMM/d22/c068/tbmm22068031.pdf", 31. Birleşim
"https://www.tbmm.gov.tr/tutanaklar/TUTANAK/TBMM/d22/c068/tbmm22068031gnd.pdf", Gündem
"https://www.tbmm.gov.tr/tutanaklar/TUTANAK/TBMM/d22/c068/tbmm22068032.pdf", 32. Birleşim
"https://www.tbmm.gov.tr/tutanaklar/TUTANAK/TBMM/d22/c068/tbmm22068032gnd.pdf", Gündem
"https://www.tbmm.gov.tr/tutanaklar/TUTANAK/TBMM/d22/c068/tbmm22068033.pdf", 33. Birleşim
"https://www.tbmm.gov.tr/tutanaklar/TUTANAK/TBMM/d22/c068/tbmm22068033gnd.pdf", Gündem
"https://www.tbmm.gov.tr/tutanaklar/TUTANAK/TBMM/d22/c068/tbmm22068034.pdf", 34. Birleşim
"https://www.tbmm.gov.tr/tutanaklar/TUTANAK/TBMM/d22/c068/tbmm22068034gnd.pdf", Gündem
"https://www.tbmm.gov.tr/tutanaklar/TUTANAK/TBMM/d22/c069/tbmm22069fih.pdf", 69. Cilt Fihristi
"https://www.tbmm.gov.tr/tutanaklar/TUTANAK/TBMM/d22/c069/tbmm22069035.pdf", 35. Birleşim
"https://www.tbmm.gov.tr/tutanaklar/TUTANAK/TBMM/d22/c069/tbmm22069035gnd.pdf", Gündem
"https://www.tbmm.gov.tr/tutanaklar/TUTANAK/TBMM/d22/c070/tbmm22070fih.pdf", 70. Cilt Fihristi
"https://www.tbmm.gov.tr/tutanaklar/TUTANAK/TBMM/d22/c070/tbmm22070036.pdf", 36. Birleşim
"https://www.tbmm.gov.tr/tutanaklar/TUTANAK/TBMM/d22/c070/tbmm22070036gnd.pdf", Gündem
"https://www.tbmm.gov.tr/tutanaklar/TUTANAK/TBMM/d22/c070/tbmm22070037.pdf", 37. Birleşim
"https://www.tbmm.gov.tr/tutanaklar/TUTANAK/TBMM/d22/c070/tbmm22070037gnd.pdf", Gündem
"https://www.tbmm.gov.tr/tutanaklar/TUTANAK/TBMM/d22/c070/tbmm22070038.pdf", 38. Birleşim
"https://www.tbmm.gov.tr/tutanaklar/TUTANAK/TBMM/d22/c070/tbmm22070038gnd.pdf", Gündem
"https://www.tbmm.gov.tr/tutanaklar/TUTANAK/TBMM/d22/c070/tbmm22070039.pdf", 39. Birleşim
"https://www.tbmm.gov.tr/tutanaklar/TUTANAK/TBMM/d22/c070/tbmm22070039gnd.pdf", Gündem
"https://www.tbmm.gov.tr/tutanaklar/TUTANAK/TBMM/d22/c070/tbmm22070040.pdf", 40. Birleşim
"https://www.tbmm.gov.tr/tutanaklar/TUTANAK/TBMM/d22/c070/tbmm22070040gnd.pdf", Gündem
"https://www.tbmm.gov.tr/tutanaklar/TUTANAK/TBMM/d22/c070/tbmm22070041.pdf", 41. Birleşim
"https://www.tbmm.gov.tr/tutanaklar/TUTANAK/TBMM/d22/c070/tbmm22070041gnd.pdf", Gündem
"https://www.tbmm.gov.tr/tutanaklar/TUTANAK/TBMM/d22/c071/tbmm22071fih.pdf", 71. Cilt Fihristi
"https://www.tbmm.gov.tr/tutanaklar/TUTANAK/TBMM/d22/c071/tbmm22071042.pdf", 42. Birleşim
"https://www.tbmm.gov.tr/tutanaklar/TUTANAK/TBMM/d22/c071/tbmm22071042gnd.pdf", Gündem
"https://www.tbmm.gov.tr/tutanaklar/TUTANAK/TBMM/d22/c071/tbmm22071043.pdf", 43. Birleşim
"https://www.tbmm.gov.tr/tutanaklar/TUTANAK/TBMM/d22/c071/tbmm22071043gnd.pdf", Gündem
"https://www.tbmm.gov.tr/tutanaklar/TUTANAK/TBMM/d22/c071/tbmm22071044.pdf", 44. Birleşim
"https://www.tbmm.gov.tr/tutanaklar/TUTANAK/TBMM/d22/c071/tbmm22071044gnd.pdf", Gündem
"https://www.tbmm.gov.tr/tutanaklar/TUTANAK/TBMM/d22/c071/tbmm22071045.pdf", 45. Birleşim
"https://www.tbmm.gov.tr/tutanaklar/TUTANAK/TBMM/d22/c071/tbmm22071045gnd.pdf", Gündem
"https://www.tbmm.gov.tr/tutanaklar/TUTANAK/TBMM/d22/c071/tbmm22071046.pdf", 46. Birleşim
"https://www.tbmm.gov.tr/tutanaklar/TUTANAK/TBMM/d22/c071/tbmm22071046gnd.pdf", Gündem
"https://www.tbmm.gov.tr/tutanaklar/TUTANAK/TBMM/d22/c071/tbmm22071047.pdf", 47. Birleşim
"https://www.tbmm.gov.tr/tutanaklar/TUTANAK/TBMM/d22/c071/tbmm22071047gnd.pdf", Gündem
"https://www.tbmm.gov.tr/tutanaklar/TUTANAK/TBMM/d22/c072/tbmm22072fih.pdf", 72. Cilt Fihristi
"https://www.tbmm.gov.tr/tutanaklar/TUTANAK/TBMM/d22/c072/tbmm22072048.pdf", 48. Birleşim
"https://www.tbmm.gov.tr/tutanaklar/TUTANAK/TBMM/d22/c072/tbmm22072048gnd.pdf", Gündem
"https://www.tbmm.gov.tr/tutanaklar/TUTANAK/TBMM/d22/c072/tbmm22072049.pdf", 49. Birleşim
"https://www.tbmm.gov.tr/tutanaklar/TUTANAK/TBMM/d22/c072/tbmm22072049gnd.pdf", Gündem
"https://www.tbmm.gov.tr/tutanaklar/TUTANAK/TBMM/d22/c072/tbmm22072050.pdf", 50. Birleşim
"https://www.tbmm.gov.tr/tutanaklar/TUTANAK/TBMM/d22/c072/tbmm22072050gnd.pdf", Gündem
"https://www.tbmm.gov.tr/tutanaklar/TUTANAK/TBMM/d22/c072/tbmm22072051.pdf", 51. Birleşim
"https://www.tbmm.gov.tr/tutanaklar/TUTANAK/TBMM/d22/c072/tbmm22072051gnd.pdf", Gündem
"https://www.tbmm.gov.tr/tutanaklar/TUTANAK/TBMM/d22/c073/tbmm22073fih.pdf", 73. Cilt Fihristi
"https://www.tbmm.gov.tr/tutanaklar/TUTANAK/TBMM/d22/c073/tbmm22073052.pdf", 52. Birleşim
"https://www.tbmm.gov.tr/tutanaklar/TUTANAK/TBMM/d22/c073/tbmm22073052gnd.pdf", Gündem
"https://www.tbmm.gov.tr/tutanaklar/TUTANAK/TBMM/d22/c073/tbmm22073053.pdf", 53. Birleşim
"https://www.tbmm.gov.tr/tutanaklar/TUTANAK/TBMM/d22/c073/tbmm22073053gnd.pdf", Gündem
"https://www.tbmm.gov.tr/tutanaklar/TUTANAK/TBMM/d22/c073/tbmm22073054.pdf", 54. Birleşim
"https://www.tbmm.gov.tr/tutanaklar/TUTANAK/TBMM/d22/c073/tbmm22073054gnd.pdf", Gündem
"https://www.tbmm.gov.tr/tutanaklar/TUTANAK/TBMM/d22/c073/tbmm22073055.pdf", 55. Birleşim
"https://www.tbmm.gov.tr/tutanaklar/TUTANAK/TBMM/d22/c073/tbmm22073055gnd.pdf", Gündem
"https://www.tbmm.gov.tr/tutanaklar/TUTANAK/TBMM/d22/c074/tbmm22074fih.pdf", 74. Cilt Fihristi
"https://www.tbmm.gov.tr/tutanaklar/TUTANAK/TBMM/d22/c074/tbmm22074056.pdf", 56. Birleşim
"https://www.tbmm.gov.tr/tutanaklar/TUTANAK/TBMM/d22/c074/tbmm22074056gnd.pdf", Gündem
"https://www.tbmm.gov.tr/tutanaklar/TUTANAK/TBMM/d22/c074/tbmm22074057.pdf", 57. Birleşim
"https://www.tbmm.gov.tr/tutanaklar/TUTANAK/TBMM/d22/c074/tbmm22074057gnd.pdf", Gündem
"https://www.tbmm.gov.tr/tutanaklar/TUTANAK/TBMM/d22/c074/tbmm22074058.pdf", 58. Birleşim
"https://www.tbmm.gov.tr/tutanaklar/TUTANAK/TBMM/d22/c074/tbmm22074058gnd.pdf", Gündem
"https://www.tbmm.gov.tr/tutanaklar/TUTANAK/TBMM/d22/c075/tbmm22075fih.pdf", 75. Cilt Fihristi
"https://www.tbmm.gov.tr/tutanaklar/TUTANAK/TBMM/d22/c075/tbmm22075059.pdf", 59. Birleşim
"https://www.tbmm.gov.tr/tutanaklar/TUTANAK/TBMM/d22/c075/tbmm22075059gnd.pdf", Gündem
"https://www.tbmm.gov.tr/tutanaklar/TUTANAK/TBMM/d22/c075/tbmm22075060.pdf", 60. Birleşim
"https://www.tbmm.gov.tr/tutanaklar/TUTANAK/TBMM/d22/c075/tbmm22075060gnd.pdf", Gündem
"https://www.tbmm.gov.tr/tutanaklar/TUTANAK/TBMM/d22/c075/tbmm22075061.pdf", 61. Birleşim
"https://www.tbmm.gov.tr/tutanaklar/TUTANAK/TBMM/d22/c075/tbmm22075061gnd.pdf", Gündem
"https://www.tbmm.gov.tr/tutanaklar/TUTANAK/TBMM/d22/c075/tbmm22075062.pdf", 62. Birleşim
"https://www.tbmm.gov.tr/tutanaklar/TUTANAK/TBMM/d22/c075/tbmm22075062gnd.pdf", Gündem
"https://www.tbmm.gov.tr/tutanaklar/TUTANAK/TBMM/d22/c076/tbmm22076fih.pdf", 76. Cilt Fihristi
"https://www.tbmm.gov.tr/tutanaklar/TUTANAK/TBMM/d22/c076/tbmm22076063.pdf", 63. Birleşim
"https://www.tbmm.gov.tr/tutanaklar/TUTANAK/TBMM/d22/c076/tbmm22076063gnd.pdf", Gündem
"https://www.tbmm.gov.tr/tutanaklar/TUTANAK/TBMM/d22/c076/tbmm22076064.pdf", 64. Birleşim
"https://www.tbmm.gov.tr/tutanaklar/TUTANAK/TBMM/d22/c076/tbmm22076064gnd.pdf", Gündem
"https://www.tbmm.gov.tr/tutanaklar/TUTANAK/TBMM/d22/c076/tbmm22076065.pdf", 65. Birleşim
"https://www.tbmm.gov.tr/tutanaklar/TUTANAK/TBMM/d22/c076/tbmm22076065gnd.pdf", Gündem
"https://www.tbmm.gov.tr/tutanaklar/TUTANAK/TBMM/d22/c076/tbmm22076066.pdf", 66. Birleşim
"https://www.tbmm.gov.tr/tutanaklar/TUTANAK/TBMM/d22/c076/tbmm22076066gnd.pdf", Gündem
"https://www.tbmm.gov.tr/tutanaklar/TUTANAK/TBMM/d22/c077/tbmm22077fih.pdf", 77. Cilt Fihristi
"https://www.tbmm.gov.tr/tutanaklar/TUTANAK/TBMM/d22/c077/tbmm22077067.pdf", 67. Birleşim
"https://www.tbmm.gov.tr/tutanaklar/TUTANAK/TBMM/d22/c077/tbmm22077067gnd.pdf", Gündem
"https://www.tbmm.gov.tr/tutanaklar/TUTANAK/TBMM/d22/c077/tbmm22077068.pdf", 68. Birleşim
"https://www.tbmm.gov.tr/tutanaklar/TUTANAK/TBMM/d22/c077/tbmm22077068gnd.pdf", Gündem
"https://www.tbmm.gov.tr/tutanaklar/TUTANAK/TBMM/d22/c077/tbmm22077069.pdf", 69. Birleşim
"https://www.tbmm.gov.tr/tutanaklar/TUTANAK/TBMM/d22/c077/tbmm22077069gnd.pdf", Gündem
"https://www.tbmm.gov.tr/tutanaklar/TUTANAK/TBMM/d22/c077/tbmm22077070.pdf", 70. Birleşim
"https://www.tbmm.gov.tr/tutanaklar/TUTANAK/TBMM/d22/c077/tbmm22077070gnd.pdf", Gündem
"https://www.tbmm.gov.tr/tutanaklar/TUTANAK/TBMM/d22/c078/tbmm22078fih.pdf", 78. Cilt Fihristi
"https://www.tbmm.gov.tr/tutanaklar/TUTANAK/TBMM/d22/c078/tbmm22078071.pdf", 71. Birleşim
"https://www.tbmm.gov.tr/tutanaklar/TUTANAK/TBMM/d22/c078/tbmm22078071gnd.pdf", Gündem
"https://www.tbmm.gov.tr/tutanaklar/TUTANAK/TBMM/d22/c078/tbmm22078072.pdf", 72. Birleşim
"https://www.tbmm.gov.tr/tutanaklar/TUTANAK/TBMM/d22/c078/tbmm22078072gnd.pdf", Gündem
"https://www.tbmm.gov.tr/tutanaklar/TUTANAK/TBMM/d22/c078/tbmm22078073.pdf", 73. Birleşim
"https://www.tbmm.gov.tr/tutanaklar/TUTANAK/TBMM/d22/c078/tbmm22078073gnd.pdf", Gündem
"https://www.tbmm.gov.tr/tutanaklar/TUTANAK/TBMM/d22/c078/tbmm22078074.pdf", 74. Birleşim
"https://www.tbmm.gov.tr/tutanaklar/TUTANAK/TBMM/d22/c078/tbmm22078074gnd.pdf", Gündem
"https://www.tbmm.gov.tr/tutanaklar/TUTANAK/TBMM/d22/c078/tbmm22078075.pdf", 75. Birleşim
"https://www.tbmm.gov.tr/tutanaklar/TUTANAK/TBMM/d22/c078/tbmm22078075gnd.pdf", Gündem
"https://www.tbmm.gov.tr/tutanaklar/TUTANAK/TBMM/d22/c079/tbmm22079fih.pdf", 79. Cilt Fihristi
"https://www.tbmm.gov.tr/tutanaklar/TUTANAK/TBMM/d22/c079/tbmm22079076.pdf", 76. Birleşim
"https://www.tbmm.gov.tr/tutanaklar/TUTANAK/TBMM/d22/c079/tbmm22079076gnd.pdf", Gündem
"https://www.tbmm.gov.tr/tutanaklar/TUTANAK/TBMM/d22/c079/tbmm22079077.pdf", 77. Birleşim
"https://www.tbmm.gov.tr/tutanaklar/TUTANAK/TBMM/d22/c079/tbmm22079077gnd.pdf", Gündem
"https://www.tbmm.gov.tr/tutanaklar/TUTANAK/TBMM/d22/c079/tbmm22079078.pdf", 78. Birleşim
"https://www.tbmm.gov.tr/tutanaklar/TUTANAK/TBMM/d22/c079/tbmm22079078gnd.pdf", Gündem
"https://www.tbmm.gov.tr/tutanaklar/TUTANAK/TBMM/d22/c080/tbmm22080fih.pdf", 80. Cilt Fihristi
"https://www.tbmm.gov.tr/tutanaklar/TUTANAK/TBMM/d22/c080/tbmm22080079.pdf", 79. Birleşim
"https://www.tbmm.gov.tr/tutanaklar/TUTANAK/TBMM/d22/c080/tbmm22080079gnd.pdf", Gündem
"https://www.tbmm.gov.tr/tutanaklar/TUTANAK/TBMM/d22/c080/tbmm22080080.pdf", 80. Birleşim
"https://www.tbmm.gov.tr/tutanaklar/TUTANAK/TBMM/d22/c080/tbmm22080080gnd.pdf", Gündem
"https://www.tbmm.gov.tr/tutanaklar/TUTANAK/TBMM/d22/c080/tbmm22080081.pdf", 81. Birleşim
"https://www.tbmm.gov.tr/tutanaklar/TUTANAK/TBMM/d22/c080/tbmm22080081gnd.pdf", Gündem
"https://www.tbmm.gov.tr/tutanaklar/TUTANAK/TBMM/d22/c080/tbmm22080082.pdf", 82. Birleşim
"https://www.tbmm.gov.tr/tutanaklar/TUTANAK/TBMM/d22/c080/tbmm22080082gnd.pdf", Gündem
"https://www.tbmm.gov.tr/tutanaklar/TUTANAK/TBMM/d22/c081/tbmm22081fih.pdf", 81. Cilt Fihristi
"https://www.tbmm.gov.tr/tutanaklar/TUTANAK/TBMM/d22/c081/tbmm22081083.pdf", 83. Birleşim
"https://www.tbmm.gov.tr/tutanaklar/TUTANAK/TBMM/d22/c081/tbmm22081083gnd.pdf", Gündem
"https://www.tbmm.gov.tr/tutanaklar/TUTANAK/TBMM/d22/c081/tbmm22081084.pdf", 84. Birleşim
"https://www.tbmm.gov.tr/tutanaklar/TUTANAK/TBMM/d22/c081/tbmm22081084gnd.pdf", Gündem
"https://www.tbmm.gov.tr/tutanaklar/TUTANAK/TBMM/d22/c081/tbmm22081085.pdf", 85. Birleşim
"https://www.tbmm.gov.tr/tutanaklar/TUTANAK/TBMM/d22/c081/tbmm22081085gnd.pdf", Gündem
"https://www.tbmm.gov.tr/tutanaklar/TUTANAK/TBMM/d22/c081/tbmm22081086.pdf", 86. Birleşim
"https://www.tbmm.gov.tr/tutanaklar/TUTANAK/TBMM/d22/c081/tbmm22081086gnd.pdf", Gündem
"https://www.tbmm.gov.tr/tutanaklar/TUTANAK/TBMM/d22/c082/tbmm22082fih.pdf", 82. Cilt Fihristi
"https://www.tbmm.gov.tr/tutanaklar/TUTANAK/TBMM/d22/c082/tbmm22082087.pdf", 87. Birleşim
"https://www.tbmm.gov.tr/tutanaklar/TUTANAK/TBMM/d22/c082/tbmm22082087gnd.pdf", Gündem
"https://www.tbmm.gov.tr/tutanaklar/TUTANAK/TBMM/d22/c082/tbmm22082088.pdf", 88. Birleşim
"https://www.tbmm.gov.tr/tutanaklar/TUTANAK/TBMM/d22/c082/tbmm22082088gnd.pdf", Gündem
"https://www.tbmm.gov.tr/tutanaklar/TUTANAK/TBMM/d22/c082/tbmm22082089.pdf", 89. Birleşim
"https://www.tbmm.gov.tr/tutanaklar/TUTANAK/TBMM/d22/c082/tbmm22082089gnd.pdf", Gündem
"https://www.tbmm.gov.tr/tutanaklar/TUTANAK/TBMM/d22/c082/tbmm22082090.pdf", 90. Birleşim
"https://www.tbmm.gov.tr/tutanaklar/TUTANAK/TBMM/d22/c082/tbmm22082090gnd.pdf", Gündem
"https://www.tbmm.gov.tr/tutanaklar/TUTANAK/TBMM/d22/c082/tbmm22082091.pdf", 91. Birleşim
"https://www.tbmm.gov.tr/tutanaklar/TUTANAK/TBMM/d22/c082/tbmm22082091gnd.pdf", Gündem
"https://www.tbmm.gov.tr/tutanaklar/TUTANAK/TBMM/d22/c082/tbmm22082092.pdf", 92. Birleşim
"https://www.tbmm.gov.tr/tutanaklar/TUTANAK/TBMM/d22/c082/tbmm22082092gnd.pdf", Gündem
"https://www.tbmm.gov.tr/tutanaklar/TUTANAK/TBMM/d22/c083/tbmm22083fih.pdf", 83. Cilt Fihristi
"https://www.tbmm.gov.tr/tutanaklar/TUTANAK/TBMM/d22/c083/tbmm22083093.pdf", 93. Birleşim
"https://www.tbmm.gov.tr/tutanaklar/TUTANAK/TBMM/d22/c083/tbmm22083093gnd.pdf", Gündem
"https://www.tbmm.gov.tr/tutanaklar/TUTANAK/TBMM/d22/c083/tbmm22083094.pdf", 94. Birleşim
"https://www.tbmm.gov.tr/tutanaklar/TUTANAK/TBMM/d22/c083/tbmm22083094gnd.pdf", Gündem
"https://www.tbmm.gov.tr/tutanaklar/TUTANAK/TBMM/d22/c083/tbmm22083095.pdf", 95. Birleşim
"https://www.tbmm.gov.tr/tutanaklar/TUTANAK/TBMM/d22/c083/tbmm22083095gnd.pdf", Gündem
"https://www.tbmm.gov.tr/tutanaklar/TUTANAK/TBMM/d22/c083/tbmm22083096.pdf", 96. Birleşim
"https://www.tbmm.gov.tr/tutanaklar/TUTANAK/TBMM/d22/c083/tbmm22083096gnd.pdf", Gündem
"https://www.tbmm.gov.tr/tutanaklar/TUTANAK/TBMM/d22/c084/tbmm22084fih.pdf", 84. Cilt Fihristi
"https://www.tbmm.gov.tr/tutanaklar/TUTANAK/TBMM/d22/c084/tbmm22084097.pdf", 97. Birleşim
"https://www.tbmm.gov.tr/tutanaklar/TUTANAK/TBMM/d22/c084/tbmm22084097gnd.pdf", Gündem
"https://www.tbmm.gov.tr/tutanaklar/TUTANAK/TBMM/d22/c084/tbmm22084098.pdf", 98. Birleşim
"https://www.tbmm.gov.tr/tutanaklar/TUTANAK/TBMM/d22/c084/tbmm22084098gnd.pdf", Gündem
"https://www.tbmm.gov.tr/tutanaklar/TUTANAK/TBMM/d22/c084/tbmm22084099.pdf", 99. Birleşim
"https://www.tbmm.gov.tr/tutanaklar/TUTANAK/TBMM/d22/c084/tbmm22084099gnd.pdf", Gündem
"https://www.tbmm.gov.tr/tutanaklar/TUTANAK/TBMM/d22/c085/tbmm22085fih.pdf", 85. Cilt Fihristi
"https://www.tbmm.gov.tr/tutanaklar/TUTANAK/TBMM/d22/c085/tbmm22085100.pdf", 100. Birleşim
"https://www.tbmm.gov.tr/tutanaklar/TUTANAK/TBMM/d22/c085/tbmm22085100gnd.pdf", Gündem
"https://www.tbmm.gov.tr/tutanaklar/TUTANAK/TBMM/d22/c085/tbmm22085101.pdf", 101. Birleşim
"https://www.tbmm.gov.tr/tutanaklar/TUTANAK/TBMM/d22/c085/tbmm22085101gnd.pdf", Gündem
"https://www.tbmm.gov.tr/tutanaklar/TUTANAK/TBMM/d22/c085/tbmm22085102.pdf", 102. Birleşim
"https://www.tbmm.gov.tr/tutanaklar/TUTANAK/TBMM/d22/c085/tbmm22085102gnd.pdf", Gündem
"https://www.tbmm.gov.tr/tutanaklar/TUTANAK/TBMM/d22/c085/tbmm22085103.pdf", 103. Birleşim
"https://www.tbmm.gov.tr/tutanaklar/TUTANAK/TBMM/d22/c085/tbmm22085103gnd.pdf", Gündem
"https://www.tbmm.gov.tr/tutanaklar/TUTANAK/TBMM/d22/c085/tbmm22085104.pdf", 104. Birleşim
"https://www.tbmm.gov.tr/tutanaklar/TUTANAK/TBMM/d22/c085/tbmm22085104gnd.pdf", Gündem
"https://www.tbmm.gov.tr/tutanaklar/TUTANAK/TBMM/d22/c086/tbmm22086fih.pdf", 86. Cilt Fihristi
"https://www.tbmm.gov.tr/tutanaklar/TUTANAK/TBMM/d22/c086/tbmm22086105.pdf", 105. Birleşim
"https://www.tbmm.gov.tr/tutanaklar/TUTANAK/TBMM/d22/c086/tbmm22086105gnd.pdf", Gündem
"https://www.tbmm.gov.tr/tutanaklar/TUTANAK/TBMM/d22/c086/tbmm22086106.pdf", 106. Birleşim
"https://www.tbmm.gov.tr/tutanaklar/TUTANAK/TBMM/d22/c086/tbmm22086106gnd.pdf", Gündem
"https://www.tbmm.gov.tr/tutanaklar/TUTANAK/TBMM/d22/c086/tbmm22086107.pdf", 107. Birleşim
"https://www.tbmm.gov.tr/tutanaklar/TUTANAK/TBMM/d22/c086/tbmm22086107gnd.pdf", Gündem
"https://www.tbmm.gov.tr/tutanaklar/TUTANAK/TBMM/d22/c086/tbmm22086108.pdf", 108. Birleşim
"https://www.tbmm.gov.tr/tutanaklar/TUTANAK/TBMM/d22/c086/tbmm22086108gnd.pdf", Gündem
"https://www.tbmm.gov.tr/tutanaklar/TUTANAK/TBMM/d22/c087/tbmm22087fih.pdf", 87. Cilt Fihristi
"https://www.tbmm.gov.tr/tutanaklar/TUTANAK/TBMM/d22/c087/tbmm22087109.pdf", 109. Birleşim
"https://www.tbmm.gov.tr/tutanaklar/TUTANAK/TBMM/d22/c087/tbmm22087109gnd.pdf", Gündem
"https://www.tbmm.gov.tr/tutanaklar/TUTANAK/TBMM/d22/c087/tbmm22087110.pdf", 110. Birleşim
"https://www.tbmm.gov.tr/tutanaklar/TUTANAK/TBMM/d22/c087/tbmm22087110gnd.pdf", Gündem
"https://www.tbmm.gov.tr/tutanaklar/TUTANAK/TBMM/d22/c087/tbmm22087111.pdf", 111. Birleşim
"https://www.tbmm.gov.tr/tutanaklar/TUTANAK/TBMM/d22/c087/tbmm22087111gnd.pdf", Gündem
"https://www.tbmm.gov.tr/tutanaklar/TUTANAK/TBMM/d22/c087/tbmm22087112.pdf", 112. Birleşim
"https://www.tbmm.gov.tr/tutanaklar/TUTANAK/TBMM/d22/c087/tbmm22087112gnd.pdf", Gündem
"https://www.tbmm.gov.tr/tutanaklar/TUTANAK/TBMM/d22/c088/tbmm22088fih.pdf", 88. Cilt Fihristi
"https://www.tbmm.gov.tr/tutanaklar/TUTANAK/TBMM/d22/c088/tbmm22088113.pdf", 113. Birleşim
"https://www.tbmm.gov.tr/tutanaklar/TUTANAK/TBMM/d22/c088/tbmm22088113gnd.pdf", Gündem
"https://www.tbmm.gov.tr/tutanaklar/TUTANAK/TBMM/d22/c088/tbmm22088114.pdf", 114. Birleşim
"https://www.tbmm.gov.tr/tutanaklar/TUTANAK/TBMM/d22/c088/tbmm22088114gnd.pdf", Gündem
"https://www.tbmm.gov.tr/tutanaklar/TUTANAK/TBMM/d22/c088/tbmm22088115.pdf", 115. Birleşim
"https://www.tbmm.gov.tr/tutanaklar/TUTANAK/TBMM/d22/c088/tbmm22088115gnd.pdf", Gündem
"https://www.tbmm.gov.tr/tutanaklar/TUTANAK/TBMM/d22/c088/tbmm22088116.pdf", 116. Birleşim
"https://www.tbmm.gov.tr/tutanaklar/TUTANAK/TBMM/d22/c088/tbmm22088116gnd.pdf", Gündem
"https://www.tbmm.gov.tr/tutanaklar/TUTANAK/TBMM/d22/c089/tbmm22089fih.pdf", 89. Cilt Fihristi
"https://www.tbmm.gov.tr/tutanaklar/TUTANAK/TBMM/d22/c089/tbmm22089117.pdf", 117. Birleşim
"https://www.tbmm.gov.tr/tutanaklar/TUTANAK/TBMM/d22/c089/tbmm22089117gnd.pdf", Gündem
"https://www.tbmm.gov.tr/tutanaklar/TUTANAK/TBMM/d22/c089/tbmm22089118.pdf", 118. Birleşim
"https://www.tbmm.gov.tr/tutanaklar/TUTANAK/TBMM/d22/c089/tbmm22089118gnd.pdf", Gündem
"https://www.tbmm.gov.tr/tutanaklar/TUTANAK/TBMM/d22/c089/tbmm22089119.pdf", 119. Birleşim
"https://www.tbmm.gov.tr/tutanaklar/TUTANAK/TBMM/d22/c089/tbmm22089119gnd.pdf", Gündem
"https://www.tbmm.gov.tr/tutanaklar/TUTANAK/TBMM/d22/c089/tbmm22089120.pdf", 120. Birleşim
"https://www.tbmm.gov.tr/tutanaklar/TUTANAK/TBMM/d22/c089/tbmm22089120gnd.pdf", Gündem
"https://www.tbmm.gov.tr/tutanaklar/TUTANAK/TBMM/d22/c090/tbmm22090fih.pdf", 90. Cilt Fihristi
"https://www.tbmm.gov.tr/tutanaklar/TUTANAK/TBMM/d22/c090/tbmm22090121.pdf", 121. Birleşim
"https://www.tbmm.gov.tr/tutanaklar/TUTANAK/TBMM/d22/c090/tbmm22090121gnd.pdf", Gündem
"https://www.tbmm.gov.tr/tutanaklar/TUTANAK/TBMM/d22/c090/tbmm22090122.pdf", 122. Birleşim
"https://www.tbmm.gov.tr/tutanaklar/TUTANAK/TBMM/d22/c090/tbmm22090122gnd.pdf", Gündem
"https://www.tbmm.gov.tr/tutanaklar/TUTANAK/TBMM/d22/c090/tbmm22090123.pdf", 123. Birleşim
"https://www.tbmm.gov.tr/tutanaklar/TUTANAK/TBMM/d22/c090/tbmm22090123gnd.pdf", Gündem
"https://www.tbmm.gov.tr/tutanaklar/TUTANAK/TBMM/d22/c091/tbmm22091fih.pdf", 91. Cilt Fihristi
"https://www.tbmm.gov.tr/tutanaklar/TUTANAK/TBMM/d22/c091/tbmm22091124.pdf", 124. Birleşim
"https://www.tbmm.gov.tr/tutanaklar/TUTANAK/TBMM/d22/c091/tbmm22091124gnd.pdf", Gündem
"https://www.tbmm.gov.tr/tutanaklar/TUTANAK/TBMM/d22/c091/tbmm22091125.pdf", 125. Birleşim
"https://www.tbmm.gov.tr/tutanaklar/TUTANAK/TBMM/d22/c091/tbmm22091125gnd.pdf", Gündem
"https://www.tbmm.gov.tr/tutanaklar/TUTANAK/TBMM/d22/c092/tbmm22092fih.pdf", 92. Cilt Fihristi
"https://www.tbmm.gov.tr/tutanaklar/TUTANAK/TBMM/d22/c092/tbmm22092126.pdf", 126. Birleşim
"https://www.tbmm.gov.tr/tutanaklar/TUTANAK/TBMM/d22/c092/tbmm22092126gnd.pdf", Gündem
"https://www.tbmm.gov.tr/tutanaklar/TUTANAK/TBMM/d22/c093/tbmm22093fih.pdf", 93. Cilt Fihristi
"https://www.tbmm.gov.tr/tutanaklar/TUTANAK/TBMM/d22/c093/tbmm22093127.pdf", 127. Birleşim
"https://www.tbmm.gov.tr/tutanaklar/TUTANAK/TBMM/d22/c093/tbmm22093127gnd.pdf", Gündem